>> problem size
>>> resources  3
>>> machines  50
>>> process  1000
>>> services  142
creating x vars
creating z- vars
creating z+ vars
starting x[p,m], z-[p,m], z+[p,m]
constr. all proc assigned
knapsack
z*[p,m]
service constraint
PMC & MMC
setting objs
Changed value of parameter PoolSolutions to 100
   Prev: 10  Min: 1  Max: 2000000000  Default: 10
Parameter ObjNumber unchanged
   Value: 0  Min: 0  Max: 2000000000  Default: 0
Changed value of parameter ObjNumber to 1
   Prev: 0  Min: 0  Max: 2000000000  Default: 0
Changed value of parameter ObjNumber to 2
   Prev: 1  Min: 0  Max: 2000000000  Default: 0
Changed value of parameter ObjNumber to 3
   Prev: 2  Min: 0  Max: 2000000000  Default: 0
optimize
Optimize a model with 102454 rows, 150304 columns and 500754 nonzeros
Variable types: 304 continuous, 150000 integer (50000 binary)
Coefficient statistics:
  Matrix range     [1e+00, 7e+06]
  Objective range  [1e+00, 1e+00]
  Bounds range     [1e+00, 1e+00]
  RHS range        [1e+00, 2e+07]
Presolve removed 101254 rows and 100729 columns
Presolve time: 0.81s
Presolved: 1200 rows, 49575 columns, 198050 nonzeros

Loaded MIP start with objective 8.47522e+06

Variable types: 0 continuous, 49575 integer (49475 binary)

Root relaxation: objective 0.000000e+00, 2090 iterations, 0.27 seconds

    Nodes    |    Current Node    |     Objective Bounds      |     Work
 Expl Unexpl |  Obj  Depth IntInf | Incumbent    BestBd   Gap | It/Node Time

     0     0    0.00000    0  149 8475222.00    0.00000   100%     -    3s
H    0     0                    3209544.0000    0.00000   100%     -    3s
H    0     0                    712885.00000    0.00000   100%     -    5s
     0     0    0.00000    0  141 712885.000    0.00000   100%     -    5s
     0     0    0.00000    0  131 712885.000    0.00000   100%     -    6s
     0     0    0.00000    0  123 712885.000    0.00000   100%     -    6s
     0     0    0.00000    0  118 712885.000    0.00000   100%     -    7s
     0     0    0.00000    0  131 712885.000    0.00000   100%     -    7s
     0     0    0.00000    0  124 712885.000    0.00000   100%     -    7s
     0     0    0.00000    0   77 712885.000    0.00000   100%     -    9s
     0     0    0.00000    0   91 712885.000    0.00000   100%     -   10s
     0     0    0.00000    0  112 712885.000    0.00000   100%     -   12s
     0     0    0.00000    0  111 712885.000    0.00000   100%     -   13s
     0     0    0.00000    0  129 712885.000    0.00000   100%     -   16s
     0     0    0.00000    0  129 712885.000    0.00000   100%     -   17s
H    0     0                       0.0000000    0.00000      -     -   17s

Cutting planes:
  Cover: 39
  Implied bound: 2
  Clique: 17
  MIR: 14

Explored 0 nodes (23087 simplex iterations) in 17.68 seconds
Thread count was 4 (of 4 available processors)

Solution count 4: 0 712885 3.20954e+06 8.47522e+06 
Pool objective bound 0

Optimal solution found (tolerance 1.00e-04)
Best objective 0.000000000000e+00, best bound 0.000000000000e+00, gap -
Optimization was stopped with status 2
resource obj 0: 0
resource obj 1: 6416419
resource obj 2: 23599631
PMC            : 985
[6, 48, 34, 18, 1, 26, 16, 20, 22, 47, 16, 14, 45, 49, 23, 4, 34, 23, 23, 31, 40, 22, 15, 25, 11, 2, 49, 41, 36, 28, 12, 38, 3, 35, 34, 23, 1, 15, 15, 12, 48, 47, 24, 14, 11, 32, 14, 16, 37, 11, 4, 42, 19, 19, 20, 47, 47, 36, 37, 23, 49, 45, 10, 13, 13, 19, 47, 19, 4, 13, 5, 5, 39, 16, 32, 45, 44, 31, 6, 25, 22, 39, 26, 16, 35, 27, 12, 29, 46, 22, 9, 36, 8, 7, 28, 39, 16, 40, 19, 14, 26, 15, 21, 37, 44, 29, 14, 17, 9, 19, 45, 47, 0, 40, 44, 36, 45, 31, 46, 0, 13, 46, 27, 16, 33, 2, 3, 25, 42, 33, 45, 18, 21, 44, 11, 2, 27, 19, 28, 12, 23, 13, 25, 29, 37, 48, 38, 19, 33, 31, 19, 18, 41, 23, 18, 30, 37, 5, 27, 45, 22, 45, 8, 33, 16, 32, 38, 22, 2, 2, 29, 11, 15, 41, 44, 10, 38, 28, 3, 10, 30, 11, 30, 2, 12, 46, 16, 49, 1, 15, 26, 18, 0, 23, 36, 23, 3, 23, 40, 28, 14, 28, 12, 3, 37, 21, 34, 10, 6, 28, 46, 48, 25, 23, 12, 38, 15, 16, 38, 40, 18, 4, 48, 11, 48, 15, 22, 47, 32, 3, 3, 2, 6, 42, 8, 29, 3, 46, 7, 33, 22, 23, 25, 38, 11, 37, 24, 30, 48, 30, 38, 39, 4, 4, 38, 35, 23, 9, 9, 37, 19, 24, 16, 9, 36, 23, 32, 40, 10, 15, 4, 0, 16, 28, 31, 39, 35, 13, 48, 45, 24, 48, 5, 17, 32, 23, 44, 39, 11, 15, 47, 28, 6, 23, 27, 49, 1, 11, 19, 36, 12, 13, 26, 36, 41, 30, 18, 24, 49, 43, 24, 42, 11, 42, 20, 42, 44, 46, 15, 42, 28, 49, 23, 40, 44, 10, 38, 48, 35, 10, 5, 42, 4, 36, 27, 34, 1, 24, 31, 1, 41, 33, 42, 6, 34, 2, 25, 25, 41, 45, 23, 32, 0, 35, 21, 35, 46, 31, 49, 37, 39, 11, 17, 49, 27, 13, 23, 30, 4, 5, 17, 23, 6, 27, 31, 14, 39, 33, 20, 4, 25, 41, 9, 21, 17, 13, 6, 12, 30, 14, 26, 43, 45, 9, 49, 34, 2, 38, 2, 8, 46, 45, 16, 11, 12, 21, 8, 19, 13, 29, 1, 17, 39, 18, 4, 16, 44, 16, 32, 2, 36, 30, 19, 22, 32, 28, 17, 12, 26, 18, 35, 38, 32, 0, 40, 4, 6, 38, 22, 34, 5, 7, 38, 36, 27, 45, 3, 5, 20, 45, 46, 40, 23, 17, 48, 24, 37, 25, 47, 29, 49, 10, 2, 41, 8, 22, 7, 4, 13, 23, 16, 7, 19, 27, 5, 43, 9, 43, 42, 42, 22, 9, 2, 21, 5, 41, 34, 23, 43, 34, 20, 32, 49, 9, 13, 4, 0, 35, 42, 47, 0, 43, 4, 31, 25, 25, 15, 21, 31, 49, 28, 37, 31, 25, 36, 28, 44, 25, 42, 8, 26, 8, 8, 42, 23, 37, 18, 26, 36, 18, 26, 41, 13, 2, 33, 13, 9, 17, 13, 30, 36, 28, 46, 38, 43, 21, 22, 45, 35, 23, 6, 3, 43, 38, 44, 8, 43, 33, 12, 28, 30, 27, 21, 25, 27, 3, 7, 27, 13, 6, 18, 44, 33, 31, 41, 34, 47, 44, 29, 12, 36, 27, 32, 43, 32, 47, 29, 18, 45, 17, 32, 38, 35, 43, 27, 0, 22, 42, 39, 39, 5, 18, 30, 49, 36, 45, 22, 7, 6, 2, 25, 38, 38, 12, 34, 2, 26, 28, 44, 42, 21, 18, 27, 43, 49, 3, 4, 47, 48, 11, 6, 44, 3, 11, 14, 38, 17, 16, 20, 17, 40, 12, 33, 17, 27, 3, 0, 8, 34, 9, 17, 27, 39, 31, 27, 12, 5, 24, 1, 11, 5, 26, 47, 31, 43, 48, 24, 23, 0, 37, 23, 9, 47, 42, 16, 44, 42, 22, 13, 27, 48, 10, 34, 3, 3, 25, 22, 46, 1, 15, 26, 36, 44, 31, 0, 19, 13, 17, 6, 42, 13, 31, 25, 23, 29, 21, 47, 33, 26, 37, 40, 27, 44, 10, 36, 9, 14, 32, 45, 32, 21, 38, 12, 2, 0, 13, 37, 23, 16, 1, 5, 22, 15, 37, 33, 39, 33, 35, 47, 35, 6, 23, 0, 5, 16, 15, 15, 12, 16, 11, 31, 10, 16, 0, 20, 18, 20, 1, 24, 24, 44, 31, 36, 0, 15, 6, 13, 6, 47, 28, 11, 22, 43, 30, 16, 32, 15, 12, 46, 10, 48, 4, 3, 18, 47, 20, 32, 3, 19, 31, 21, 11, 21, 8, 19, 41, 23, 11, 35, 36, 39, 33, 41, 19, 37, 22, 2, 42, 25, 32, 3, 45, 2, 39, 20, 21, 34, 20, 14, 23, 31, 49, 31, 35, 14, 48, 36, 26, 14, 5, 6, 18, 49, 25, 8, 11, 6, 35, 18, 48, 25, 37, 28, 11, 20, 14, 8, 5, 19, 34, 11, 33, 7, 44, 9, 8, 32, 22, 34, 43, 7, 17, 9, 47, 5, 15, 29, 31, 32, 8, 48, 9, 3, 4, 30, 7, 17, 47, 6, 21, 29, 37, 18, 37, 4, 13, 42, 13, 5, 31, 47, 15, 21, 20, 25, 44, 15, 15, 47, 28, 24, 41, 12, 36, 33, 17, 19, 11, 25, 17, 38, 48, 6, 18, 47, 14, 5, 0, 26, 4, 48, 16, 32, 38, 37, 34, 10, 23, 18, 43, 34, 33, 46, 17, 37, 47, 10, 25, 0, 31, 35, 5, 19, 6, 15, 44, 37, 32, 12, 32, 48, 40, 7, 19, 37, 25, 44, 7, 1, 49, 35, 26, 22, 18, 38, 11, 11, 18, 28, 29, 16, 29, 39, 20, 19, 16, 13, 7, 32, 6, 39, 16, 33, 24, 47, 0, 35, 14, 48, 47, 29, 14, 12, 15, 33, 26, 9, 22, 47, 7]
[8, 0, 0, 36, 12, 47, 42, 0, 17, 0, 20, 38, 19, 6, 48, 0, 0, 0, 0, 31, 0, 21, 19, 47, 15, 0, 0, 0, 0, 34, 18, 0, 45, 0, 0, 32, 6, 0, 0, 22, 0, 0, 0, 2, 0, 17, 0, 47, 42, 8, 0, 39, 41, 19, 38, 32, 49, 0, 43, 0, 21, 0, 0, 19, 30, 33, 0, 5, 0, 0, 1, 0, 3, 30, 0, 0, 0, 0, 16, 0, 11, 18, 0, 1, 47, 18, 2, 0, 0, 16, 48, 11, 48, 34, 34, 48, 12, 6, 20, 23, 46, 10, 11, 37, 27, 30, 47, 2, 49, 30, 23, 28, 1, 14, 4, 23, 8, 27, 43, 1, 0, 20, 24, 0, 19, 0, 23, 1, 39, 48, 7, 33, 1, 13, 14, 10, 14, 4, 9, 2, 6, 49, 8, 7, 40, 12, 42, 23, 17, 8, 20, 31, 9, 36, 12, 45, 15, 30, 46, 38, 33, 16, 48, 31, 24, 33, 48, 40, 12, 39, 35, 1, 6, 31, 47, 4, 45, 16, 41, 10, 28, 42, 7, 42, 5, 21, 43, 16, 4, 48, 47, 22, 45, 48, 22, 39, 39, 45, 1, 8, 40, 23, 12, 5, 5, 9, 16, 35, 41, 2, 32, 40, 31, 4, 6, 30, 37, 1, 49, 28, 21, 24, 40, 19, 19, 42, 10, 12, 2, 46, 41, 14, 28, 45, 27, 45, 22, 46, 35, 7, 25, 17, 28, 19, 49, 21, 27, 29, 24, 2, 4, 48, 16, 27, 5, 11, 0, 37, 37, 16, 0, 49, 42, 48, 22, 45, 6, 29, 1, 45, 16, 45, 3, 35, 0, 24, 9, 14, 47, 6, 40, 2, 27, 26, 17, 22, 39, 29, 46, 36, 10, 34, 34, 8, 4, 38, 26, 48, 15, 13, 39, 2, 0, 26, 38, 14, 27, 38, 22, 23, 11, 6, 6, 8, 25, 16, 23, 22, 45, 49, 34, 29, 49, 23, 28, 6, 49, 26, 3, 0, 0, 32, 47, 45, 32, 18, 26, 47, 26, 25, 39, 3, 31, 22, 33, 27, 4, 14, 29, 10, 40, 9, 16, 22, 17, 43, 22, 10, 46, 0, 1, 22, 25, 41, 37, 15, 1, 7, 31, 49, 3, 32, 48, 34, 21, 20, 12, 18, 48, 49, 23, 49, 47, 20, 32, 24, 25, 6, 19, 40, 14, 48, 21, 10, 43, 16, 29, 19, 18, 7, 43, 9, 27, 43, 26, 11, 19, 7, 24, 32, 47, 31, 7, 48, 3, 40, 19, 0, 45, 0, 6, 49, 3, 45, 26, 41, 2, 13, 22, 22, 49, 36, 21, 48, 16, 17, 11, 46, 0, 43, 6, 42, 9, 31, 45, 20, 34, 23, 41, 37, 6, 11, 24, 31, 1, 11, 27, 37, 46, 29, 33, 6, 15, 9, 12, 10, 31, 23, 29, 45, 40, 21, 7, 9, 39, 21, 20, 8, 2, 49, 5, 33, 27, 22, 32, 48, 3, 3, 22, 0, 1, 18, 12, 21, 1, 27, 23, 18, 33, 14, 9, 45, 9, 22, 39, 22, 9, 35, 23, 20, 38, 30, 18, 20, 47, 12, 33, 13, 1, 19, 1, 12, 36, 38, 1, 36, 28, 34, 27, 24, 37, 47, 15, 26, 2, 17, 7, 27, 23, 33, 33, 35, 45, 4, 33, 39, 19, 6, 28, 25, 19, 5, 36, 35, 12, 9, 42, 10, 11, 11, 13, 6, 14, 0, 30, 34, 32, 11, 37, 39, 16, 36, 5, 2, 35, 1, 13, 48, 16, 43, 1, 3, 49, 24, 45, 14, 20, 34, 41, 21, 15, 20, 23, 48, 0, 6, 41, 17, 30, 16, 23, 41, 8, 7, 36, 18, 41, 28, 6, 23, 1, 26, 29, 30, 32, 41, 6, 10, 1, 29, 20, 36, 40, 1, 15, 20, 46, 32, 3, 16, 30, 15, 36, 33, 10, 47, 16, 37, 14, 25, 31, 5, 43, 16, 34, 2, 37, 23, 38, 46, 33, 13, 2, 4, 41, 5, 46, 49, 34, 4, 2, 4, 42, 22, 37, 9, 45, 29, 32, 35, 11, 43, 30, 15, 14, 1, 49, 3, 21, 39, 2, 4, 19, 43, 33, 1, 8, 2, 36, 25, 2, 38, 43, 38, 32, 33, 21, 25, 7, 42, 34, 6, 36, 28, 45, 42, 9, 49, 12, 18, 24, 31, 32, 25, 49, 47, 2, 27, 47, 47, 48, 2, 42, 1, 6, 18, 12, 30, 30, 37, 1, 21, 6, 15, 4, 35, 11, 1, 45, 24, 23, 26, 45, 3, 21, 37, 14, 37, 17, 16, 13, 41, 27, 34, 26, 46, 10, 3, 42, 21, 31, 20, 33, 25, 32, 20, 25, 25, 5, 34, 18, 38, 35, 49, 29, 39, 7, 41, 39, 5, 43, 4, 31, 1, 39, 22, 39, 3, 41, 48, 22, 14, 37, 35, 1, 18, 30, 15, 7, 42, 48, 6, 4, 18, 25, 21, 48, 23, 18, 26, 27, 40, 15, 13, 22, 8, 28, 15, 2, 4, 3, 18, 4, 8, 21, 48, 1, 2, 24, 26, 19, 18, 47, 46, 1, 48, 43, 27, 37, 9, 19, 6, 31, 1, 18, 22, 26, 44, 29, 26, 9, 14, 8, 46, 28, 35, 5, 46, 29, 9, 46, 6, 2, 9, 45, 22, 31, 2, 21, 15, 45, 28, 33, 6, 21, 33, 19, 1, 43, 11, 7, 36, 41, 15, 25, 5, 44, 40, 2, 24, 42, 35, 0, 11, 38, 47, 49, 23, 11, 47, 33, 26, 25, 9, 12, 34, 43, 0, 32, 46, 7, 35, 40, 15, 16, 44, 37, 1, 36, 39, 39, 15, 29, 42, 25, 38, 16, 33, 6, 28, 30, 30, 18, 41, 22, 25, 8, 47, 45, 10, 27, 6, 32, 6, 24, 47, 46, 12, 24, 16, 38, 35, 17, 16, 22, 44, 46, 18, 3, 45, 33, 19, 29, 26, 20, 49, 2, 38, 22, 34, 45, 31, 2, 40, 6, 28, 3, 23, 22, 2, 23, 32, 1, 43, 2, 43, 12, 20, 15, 37, 40, 34, 29, 11, 5, 13, 4, 30, 6, 38]
