>> problem size
>>> resources  4
>>> machines  12
>>> process  1000
>>> services  981
creating x vars
creating z- vars
creating z+ vars
starting x[p,m], z-[p,m], z+[p,m]
constr. all proc assigned
knapsack
z*[p,m]
service constraint
PMC & MMC
setting objs
Changed value of parameter PoolSolutions to 100
   Prev: 10  Min: 1  Max: 2000000000  Default: 10
Parameter ObjNumber unchanged
   Value: 0  Min: 0  Max: 2000000000  Default: 0
Changed value of parameter ObjNumber to 1
   Prev: 0  Min: 0  Max: 2000000000  Default: 0
Changed value of parameter ObjNumber to 2
   Prev: 1  Min: 0  Max: 2000000000  Default: 0
Changed value of parameter ObjNumber to 3
   Prev: 2  Min: 0  Max: 2000000000  Default: 0
Changed value of parameter ObjNumber to 4
   Prev: 3  Min: 0  Max: 2000000000  Default: 0
optimize
Optimize a model with 26149 rows, 36101 columns and 132245 nonzeros
Variable types: 101 continuous, 36000 integer (12000 binary)
Coefficient statistics:
  Matrix range     [1e+00, 6e+06]
  Objective range  [1e+00, 1e+00]
  Bounds range     [1e+00, 1e+00]
  RHS range        [1e+00, 3e+07]
Found heuristic solution: objective 1.17428e+07
Presolve removed 25089 rows and 24077 columns
Presolve time: 0.20s
Presolved: 1060 rows, 12024 columns, 60036 nonzeros

Loaded MIP start with objective 1.14521e+07

Variable types: 0 continuous, 12024 integer (12000 binary)

Root relaxation: objective 1.112877e+07, 1520 iterations, 0.04 seconds

    Nodes    |    Current Node    |     Objective Bounds      |     Work
 Expl Unexpl |  Obj  Depth IntInf | Incumbent    BestBd   Gap | It/Node Time

     0     0 1.1129e+07    0   35 1.1452e+07 1.1129e+07  2.82%     -    0s
H    0     0                    1.112877e+07 1.1129e+07  0.00%     -    0s

Explored 0 nodes (6334 simplex iterations) in 0.91 seconds
Thread count was 4 (of 4 available processors)

Solution count 2: 1.11288e+07 1.14521e+07 
Pool objective bound 1.11288e+07

Optimal solution found (tolerance 1.00e-04)
Best objective 1.112876600000e+07, best bound 1.112876600000e+07, gap 0.0000%
Optimization was stopped with status 2
resource obj 0: 11128766
resource obj 1: 14868706
resource obj 2: 30375547
resource obj 3: 17495256
PMC            : 894
[11, 2, 8, 7, 8, 3, 3, 3, 0, 0, 1, 5, 5, 4, 11, 4, 6, 5, 1, 4, 3, 8, 7, 8, 2, 7, 5, 2, 6, 6, 4, 0, 11, 11, 2, 5, 6, 7, 0, 7, 7, 0, 1, 0, 5, 8, 10, 11, 10, 9, 0, 2, 3, 9, 0, 6, 0, 1, 4, 1, 8, 11, 11, 9, 8, 3, 2, 7, 8, 0, 11, 2, 7, 7, 10, 1, 2, 6, 2, 10, 0, 5, 7, 5, 0, 8, 11, 10, 5, 7, 11, 6, 7, 2, 3, 3, 0, 6, 2, 0, 1, 1, 0, 0, 8, 3, 9, 3, 0, 6, 2, 5, 11, 4, 6, 3, 7, 11, 0, 3, 11, 8, 8, 3, 8, 4, 1, 0, 6, 3, 1, 2, 4, 3, 9, 3, 9, 11, 7, 9, 4, 9, 4, 3, 3, 6, 11, 3, 6, 2, 11, 11, 7, 6, 3, 4, 4, 7, 0, 7, 2, 3, 10, 9, 10, 3, 11, 6, 1, 9, 9, 3, 6, 9, 7, 11, 10, 0, 11, 8, 11, 4, 2, 3, 3, 11, 8, 10, 2, 3, 7, 6, 9, 7, 2, 8, 1, 7, 2, 0, 7, 6, 2, 10, 3, 9, 5, 6, 1, 0, 7, 0, 8, 3, 3, 2, 0, 2, 6, 10, 3, 6, 11, 9, 6, 1, 6, 11, 6, 1, 8, 0, 9, 1, 5, 3, 3, 9, 2, 9, 8, 3, 2, 7, 0, 1, 5, 4, 6, 3, 5, 8, 8, 3, 1, 0, 11, 11, 4, 4, 1, 3, 0, 6, 4, 3, 5, 5, 1, 1, 9, 0, 5, 6, 8, 2, 7, 5, 11, 8, 11, 7, 9, 3, 10, 7, 11, 11, 10, 0, 3, 11, 6, 1, 10, 10, 3, 3, 5, 10, 4, 3, 2, 6, 2, 5, 6, 0, 2, 2, 2, 11, 5, 3, 3, 5, 1, 9, 5, 10, 0, 2, 4, 8, 3, 3, 6, 2, 8, 2, 11, 5, 3, 0, 9, 2, 3, 7, 0, 11, 4, 5, 7, 2, 1, 9, 5, 2, 1, 10, 0, 0, 7, 2, 6, 8, 7, 2, 11, 11, 2, 8, 7, 5, 9, 8, 1, 2, 10, 10, 6, 4, 5, 8, 6, 4, 8, 5, 9, 6, 8, 1, 1, 0, 3, 0, 5, 1, 9, 6, 6, 8, 3, 5, 1, 2, 11, 3, 3, 2, 8, 8, 9, 7, 9, 0, 4, 2, 10, 11, 11, 9, 4, 9, 4, 0, 2, 6, 11, 2, 0, 1, 6, 9, 5, 4, 3, 4, 11, 3, 11, 8, 3, 11, 7, 9, 3, 0, 3, 7, 8, 3, 5, 5, 9, 9, 0, 4, 7, 1, 9, 8, 3, 7, 6, 6, 9, 9, 5, 4, 3, 5, 2, 2, 7, 9, 3, 10, 7, 7, 0, 0, 1, 8, 0, 1, 10, 10, 6, 2, 6, 6, 1, 0, 8, 1, 11, 5, 4, 10, 1, 9, 1, 6, 5, 4, 9, 4, 6, 10, 6, 11, 0, 11, 4, 5, 6, 7, 7, 1, 0, 10, 8, 3, 10, 1, 0, 2, 9, 4, 9, 0, 8, 7, 3, 9, 2, 10, 5, 8, 4, 6, 2, 5, 7, 11, 9, 9, 1, 7, 1, 4, 1, 2, 10, 10, 3, 10, 3, 3, 10, 8, 4, 7, 0, 3, 8, 4, 4, 8, 1, 3, 8, 8, 2, 1, 10, 2, 10, 1, 1, 3, 7, 6, 0, 3, 8, 0, 7, 7, 6, 3, 6, 0, 5, 7, 5, 2, 1, 10, 0, 8, 2, 11, 5, 2, 7, 0, 11, 6, 8, 8, 0, 4, 6, 6, 8, 0, 2, 4, 3, 6, 10, 4, 8, 4, 9, 2, 1, 0, 4, 0, 1, 7, 7, 7, 5, 10, 3, 3, 5, 5, 6, 4, 7, 0, 1, 1, 9, 11, 1, 3, 4, 4, 10, 9, 8, 6, 0, 2, 5, 9, 10, 5, 5, 8, 10, 3, 7, 9, 10, 8, 5, 11, 3, 1, 7, 0, 10, 5, 6, 2, 11, 9, 2, 0, 9, 2, 9, 7, 7, 11, 6, 6, 5, 8, 0, 0, 1, 10, 6, 3, 1, 11, 11, 11, 11, 1, 6, 11, 0, 0, 9, 5, 5, 4, 0, 11, 11, 7, 8, 8, 1, 7, 2, 6, 3, 3, 2, 9, 4, 8, 4, 5, 11, 5, 4, 2, 2, 6, 5, 6, 2, 8, 8, 0, 1, 10, 9, 11, 4, 2, 4, 6, 8, 9, 2, 8, 0, 5, 3, 11, 10, 4, 2, 10, 3, 5, 7, 6, 6, 1, 6, 11, 8, 0, 1, 5, 0, 2, 1, 4, 8, 4, 6, 11, 11, 6, 1, 10, 2, 5, 4, 7, 8, 8, 3, 1, 4, 2, 5, 6, 0, 7, 10, 0, 0, 7, 9, 7, 10, 7, 9, 0, 1, 3, 4, 1, 7, 0, 1, 4, 2, 1, 2, 10, 6, 1, 8, 8, 7, 5, 1, 11, 1, 0, 8, 6, 4, 8, 7, 8, 8, 4, 4, 9, 8, 5, 3, 0, 3, 2, 10, 0, 9, 9, 1, 10, 5, 7, 0, 1, 3, 0, 3, 2, 11, 3, 5, 11, 0, 8, 6, 11, 0, 9, 5, 8, 2, 11, 11, 7, 5, 10, 0, 6, 2, 5, 7, 1, 4, 10, 8, 4, 9, 9, 4, 1, 1, 9, 4, 1, 1, 11, 1, 9, 1, 8, 8, 6, 8, 9, 0, 0, 11, 5, 6, 5, 5, 6, 2, 6, 3, 7, 8, 2, 5, 2, 8, 6, 11, 3, 7, 4, 2, 0, 7, 4, 0, 6, 7, 4, 7, 2, 4, 2, 1, 9, 3, 2, 9, 10, 11, 2, 9, 10, 9, 2, 11, 9, 5, 6, 10, 11, 3, 1, 10, 7, 4, 0, 10, 3, 5, 8, 2, 6, 6, 2, 3, 8, 1, 11, 9, 3, 5, 6, 7, 9, 2, 6, 2, 0, 8, 3, 10, 0, 4, 5, 4, 3, 4, 1, 0, 11, 11, 8, 11, 9, 6, 10]
[0, 0, 4, 0, 0, 0, 0, 0, 0, 0, 0, 0, 7, 0, 0, 0, 0, 0, 0, 0, 11, 0, 0, 0, 0, 0, 0, 0, 0, 11, 7, 0, 0, 0, 1, 0, 0, 4, 0, 0, 0, 0, 0, 0, 7, 1, 11, 6, 0, 8, 0, 0, 0, 1, 0, 2, 0, 0, 0, 0, 0, 0, 4, 5, 10, 1, 0, 2, 2, 9, 11, 2, 5, 5, 9, 9, 7, 4, 6, 6, 8, 2, 5, 10, 9, 11, 0, 5, 1, 9, 6, 4, 3, 0, 0, 3, 1, 3, 1, 8, 3, 6, 6, 4, 6, 6, 5, 5, 11, 9, 8, 9, 6, 11, 9, 1, 5, 4, 7, 7, 2, 5, 7, 3, 2, 6, 6, 8, 0, 9, 10, 0, 5, 2, 1, 1, 8, 7, 7, 2, 3, 4, 7, 3, 9, 6, 9, 3, 6, 7, 11, 0, 9, 6, 2, 5, 8, 5, 6, 0, 7, 9, 1, 3, 8, 6, 9, 11, 10, 7, 1, 9, 5, 7, 0, 9, 7, 1, 5, 6, 4, 5, 2, 3, 5, 2, 1, 6, 4, 11, 3, 1, 5, 3, 10, 3, 11, 8, 7, 8, 2, 9, 1, 8, 4, 6, 2, 7, 5, 10, 2, 6, 7, 5, 0, 10, 0, 7, 11, 11, 9, 5, 9, 7, 8, 9, 6, 3, 5, 4, 2, 9, 2, 2, 5, 3, 5, 7, 5, 1, 2, 6, 4, 11, 3, 1, 11, 5, 6, 4, 0, 7, 0, 4, 0, 7, 5, 1, 6, 3, 8, 0, 2, 8, 7, 11, 10, 6, 4, 11, 4, 5, 4, 6, 4, 6, 0, 1, 11, 7, 6, 7, 6, 9, 10, 6, 1, 10, 2, 0, 4, 7, 4, 3, 1, 2, 6, 9, 0, 11, 11, 1, 1, 2, 8, 7, 6, 5, 5, 4, 1, 2, 6, 6, 2, 5, 2, 8, 10, 4, 11, 5, 3, 10, 4, 1, 1, 6, 1, 5, 0, 2, 7, 4, 10, 8, 10, 8, 0, 2, 11, 10, 2, 2, 1, 4, 0, 7, 4, 10, 1, 5, 4, 9, 8, 0, 6, 7, 3, 3, 7, 5, 10, 7, 7, 4, 4, 11, 4, 3, 7, 9, 5, 3, 4, 10, 10, 0, 5, 2, 6, 11, 4, 1, 10, 3, 3, 0, 0, 10, 2, 9, 4, 8, 5, 1, 0, 3, 11, 0, 11, 2, 11, 7, 9, 8, 9, 0, 8, 2, 1, 5, 8, 10, 7, 9, 10, 4, 9, 5, 8, 1, 1, 1, 10, 11, 1, 2, 2, 7, 2, 2, 11, 2, 4, 7, 10, 4, 8, 7, 2, 0, 10, 5, 6, 7, 0, 11, 8, 2, 7, 5, 6, 2, 9, 9, 0, 6, 1, 5, 2, 8, 3, 10, 10, 10, 7, 11, 1, 8, 9, 6, 6, 3, 1, 10, 2, 0, 2, 11, 3, 1, 1, 2, 8, 1, 11, 1, 3, 3, 3, 9, 0, 3, 6, 1, 2, 2, 9, 2, 6, 6, 10, 10, 0, 5, 1, 0, 7, 11, 5, 4, 9, 3, 1, 1, 7, 9, 8, 3, 9, 1, 0, 2, 3, 4, 6, 5, 2, 3, 0, 2, 2, 2, 7, 11, 1, 9, 7, 1, 11, 3, 1, 4, 9, 6, 1, 1, 1, 7, 8, 10, 0, 5, 1, 10, 8, 4, 1, 3, 10, 11, 11, 8, 2, 1, 10, 11, 6, 8, 6, 0, 2, 3, 10, 8, 10, 3, 0, 0, 8, 9, 0, 8, 3, 10, 5, 10, 11, 11, 8, 2, 2, 0, 10, 10, 10, 3, 10, 11, 10, 4, 9, 6, 4, 7, 9, 0, 2, 11, 11, 1, 0, 5, 10, 11, 9, 1, 8, 2, 10, 4, 3, 6, 3, 5, 9, 4, 1, 0, 11, 9, 11, 5, 6, 8, 6, 5, 8, 2, 5, 11, 2, 4, 8, 9, 0, 0, 0, 5, 3, 0, 0, 7, 4, 11, 2, 2, 1, 5, 5, 7, 1, 1, 8, 7, 1, 10, 11, 5, 2, 10, 9, 0, 2, 11, 11, 7, 11, 10, 8, 6, 3, 3, 5, 7, 0, 2, 9, 3, 10, 1, 5, 10, 9, 1, 7, 10, 4, 11, 11, 1, 8, 3, 2, 9, 1, 0, 7, 0, 9, 8, 2, 8, 4, 3, 3, 9, 11, 11, 10, 1, 7, 4, 10, 11, 10, 2, 8, 8, 10, 1, 10, 5, 11, 9, 11, 2, 3, 7, 9, 11, 5, 10, 10, 5, 1, 6, 7, 2, 6, 9, 7, 3, 3, 3, 1, 5, 10, 7, 8, 11, 2, 5, 1, 6, 1, 8, 7, 2, 11, 10, 5, 7, 4, 11, 7, 8, 5, 5, 7, 3, 10, 3, 1, 10, 2, 7, 2, 8, 4, 8, 2, 11, 6, 9, 0, 11, 0, 0, 8, 0, 10, 3, 1, 1, 7, 6, 10, 2, 7, 3, 2, 7, 1, 3, 1, 6, 9, 11, 2, 4, 6, 11, 6, 0, 3, 4, 10, 11, 8, 10, 4, 9, 11, 0, 0, 9, 7, 2, 1, 10, 0, 6, 3, 6, 3, 5, 6, 5, 1, 7, 7, 11, 8, 10, 3, 3, 0, 11, 11, 11, 3, 11, 6, 3, 10, 6, 11, 2, 5, 8, 6, 9, 6, 5, 7, 8, 9, 7, 5, 11, 6, 8, 0, 1, 1, 1, 10, 3, 1, 5, 5, 1, 3, 1, 1, 11, 2, 8, 1, 1, 0, 1, 2, 1, 6, 0, 3, 11, 4, 2, 6, 1, 1, 9, 0, 9, 0, 3, 8, 0, 8, 7, 8, 0, 9, 1, 7, 7, 6, 1, 2, 7, 3, 2, 10, 5, 8, 0, 2, 3, 3, 10, 3, 6, 1, 7, 5, 7, 8, 8, 5, 5, 2, 7, 5, 1, 8, 2, 8, 8, 1, 5, 5, 8, 11, 1, 4, 9, 9, 7, 2, 3, 11, 2, 0, 4, 0, 6, 0, 2, 6, 2, 0, 1, 1, 8, 7, 8, 5, 7, 4, 5, 8, 7, 1, 8, 3, 7]
