>> problem size
>>> resources  3
>>> machines  100
>>> process  1000
>>> services  1000
creating x vars
creating z- vars
creating z+ vars
starting x[p,m], z-[p,m], z+[p,m]
constr. all proc assigned
knapsack
z*[p,m]
service constraint
PMC & MMC
setting objs
Changed value of parameter PoolSolutions to 100
   Prev: 10  Min: 1  Max: 2000000000  Default: 10
Parameter ObjNumber unchanged
   Value: 0  Min: 0  Max: 2000000000  Default: 0
Changed value of parameter ObjNumber to 1
   Prev: 0  Min: 0  Max: 2000000000  Default: 0
Changed value of parameter ObjNumber to 2
   Prev: 1  Min: 0  Max: 2000000000  Default: 0
Changed value of parameter ObjNumber to 3
   Prev: 2  Min: 0  Max: 2000000000  Default: 0
optimize
Optimize a model with 202904 rows, 300604 columns and 1001504 nonzeros
Variable types: 604 continuous, 300000 integer (100000 binary)
Coefficient statistics:
  Matrix range     [1e+00, 6e+06]
  Objective range  [1e+00, 1e+00]
  Bounds range     [1e+00, 1e+00]
  RHS range        [1e+00, 1e+07]
Presolve removed 201508 rows and 206856 columns
Presolve time: 1.48s
Presolved: 1396 rows, 93748 columns, 374500 nonzeros

Loaded MIP start with objective 9.18004e+06

Variable types: 0 continuous, 93748 integer (93552 binary)

Root relaxation: objective 0.000000e+00, 3864 iterations, 0.95 seconds

    Nodes    |    Current Node    |     Objective Bounds      |     Work
 Expl Unexpl |  Obj  Depth IntInf | Incumbent    BestBd   Gap | It/Node Time

     0     0    0.00000    0  308 9180041.00    0.00000   100%     -    9s
H    0     0                    435157.00000    0.00000   100%     -   17s
     0     0    0.00000    0  420 435157.000    0.00000   100%     -   19s
     0     0    0.00000    0  409 435157.000    0.00000   100%     -   20s
     0     0    0.00000    0  461 435157.000    0.00000   100%     -   22s
     0     0    0.00000    0  471 435157.000    0.00000   100%     -   23s
     0     0    0.00000    0  522 435157.000    0.00000   100%     -   47s
     0     0    0.00000    0  522 435157.000    0.00000   100%     -   69s
H    0     2                    141305.00000    0.00000   100%     -  119s
     0     2    0.00000    0  522 141305.000    0.00000   100%     -  119s
     1     4    0.00000    1  388 141305.000    0.00000   100%  5824  121s
    13    13    0.00000    7  295 141305.000    0.00000   100%   618  125s
H   31     9                       0.0000000    0.00000      -   324  132s

Cutting planes:
  Cover: 178
  Implied bound: 5
  Clique: 63
  MIR: 110
  StrongCG: 6

Explored 40 nodes (37275 simplex iterations) in 132.91 seconds
Thread count was 4 (of 4 available processors)

Solution count 4: 0 141305 435157 9.18004e+06 
Pool objective bound 0

Optimal solution found (tolerance 1.00e-04)
Best objective 0.000000000000e+00, best bound 0.000000000000e+00, gap -
Optimization was stopped with status 2
resource obj 0: 0
resource obj 1: 5236009
resource obj 2: 12218447
PMC            : 964
[65, 42, 16, 49, 99, 84, 90, 49, 53, 75, 52, 62, 26, 86, 72, 57, 89, 11, 80, 93, 45, 14, 36, 32, 47, 38, 73, 75, 43, 8, 98, 73, 76, 90, 89, 17, 51, 0, 36, 36, 48, 57, 29, 2, 17, 37, 7, 94, 76, 26, 24, 57, 60, 31, 73, 73, 3, 81, 22, 2, 53, 33, 19, 83, 84, 57, 73, 4, 87, 68, 1, 22, 57, 9, 66, 16, 72, 62, 67, 72, 61, 34, 85, 7, 15, 77, 57, 10, 75, 97, 39, 42, 83, 30, 31, 33, 88, 86, 92, 33, 85, 52, 41, 81, 99, 66, 15, 19, 18, 14, 56, 46, 4, 26, 53, 82, 93, 4, 35, 84, 49, 88, 80, 49, 96, 7, 94, 16, 4, 17, 18, 18, 72, 7, 89, 96, 13, 41, 68, 12, 26, 94, 18, 83, 41, 0, 17, 87, 42, 8, 13, 43, 15, 69, 66, 94, 66, 89, 74, 81, 67, 56, 75, 47, 76, 27, 60, 19, 69, 2, 30, 84, 73, 48, 50, 86, 44, 75, 65, 79, 62, 15, 7, 42, 22, 82, 30, 31, 40, 13, 20, 41, 30, 28, 1, 47, 31, 35, 16, 1, 94, 40, 0, 45, 60, 81, 44, 59, 50, 38, 39, 40, 37, 75, 57, 49, 28, 65, 66, 55, 5, 71, 59, 65, 23, 43, 14, 37, 0, 87, 46, 19, 91, 18, 37, 90, 0, 98, 67, 79, 74, 46, 82, 11, 47, 56, 26, 36, 56, 24, 86, 15, 24, 47, 18, 92, 71, 35, 70, 22, 27, 28, 25, 2, 69, 27, 27, 62, 2, 95, 31, 11, 24, 63, 93, 88, 39, 8, 13, 21, 63, 10, 31, 93, 44, 62, 94, 55, 64, 64, 8, 81, 64, 16, 94, 26, 76, 21, 65, 2, 6, 89, 80, 44, 25, 7, 29, 50, 33, 63, 63, 37, 55, 67, 37, 87, 51, 29, 1, 79, 87, 31, 91, 75, 84, 99, 50, 74, 85, 60, 87, 19, 22, 26, 4, 90, 89, 12, 64, 72, 84, 12, 42, 39, 42, 2, 32, 54, 56, 61, 82, 19, 42, 80, 69, 34, 48, 62, 95, 51, 80, 96, 53, 28, 16, 45, 98, 67, 79, 63, 73, 26, 0, 50, 28, 20, 13, 64, 67, 20, 3, 91, 72, 77, 50, 83, 81, 23, 42, 9, 44, 17, 88, 56, 33, 5, 23, 51, 60, 32, 79, 47, 24, 49, 60, 77, 24, 14, 0, 20, 8, 55, 53, 12, 99, 32, 17, 78, 25, 36, 28, 30, 48, 59, 72, 69, 90, 80, 28, 88, 95, 32, 98, 92, 38, 6, 82, 34, 98, 1, 98, 33, 14, 97, 80, 48, 4, 40, 53, 30, 3, 73, 72, 92, 72, 26, 77, 19, 56, 34, 72, 29, 4, 56, 11, 67, 3, 67, 51, 83, 43, 85, 80, 36, 93, 3, 10, 8, 71, 21, 12, 47, 86, 36, 0, 26, 92, 2, 84, 15, 4, 59, 13, 13, 39, 70, 90, 57, 84, 11, 54, 56, 19, 34, 34, 97, 13, 6, 58, 6, 22, 6, 89, 30, 62, 27, 69, 88, 55, 33, 98, 87, 39, 14, 27, 58, 3, 45, 36, 94, 24, 81, 16, 13, 46, 22, 44, 99, 86, 9, 14, 89, 20, 96, 13, 38, 80, 97, 24, 67, 46, 38, 99, 47, 91, 96, 34, 90, 42, 44, 44, 10, 70, 94, 80, 82, 27, 71, 16, 71, 92, 20, 54, 90, 8, 48, 10, 8, 67, 50, 79, 88, 23, 58, 64, 25, 19, 47, 1, 35, 4, 66, 44, 1, 24, 63, 62, 34, 64, 57, 43, 32, 53, 76, 61, 3, 13, 48, 84, 53, 43, 1, 37, 72, 27, 99, 96, 29, 27, 33, 35, 75, 60, 88, 53, 98, 35, 35, 55, 71, 91, 64, 56, 5, 33, 63, 57, 40, 52, 61, 76, 37, 15, 21, 85, 14, 38, 96, 87, 30, 87, 21, 97, 42, 58, 84, 77, 89, 9, 85, 96, 81, 14, 54, 94, 90, 27, 83, 48, 1, 72, 68, 42, 87, 43, 54, 12, 22, 44, 45, 43, 79, 62, 13, 32, 27, 63, 99, 30, 1, 58, 28, 39, 99, 52, 94, 41, 92, 6, 28, 10, 46, 94, 81, 29, 95, 31, 86, 99, 31, 38, 61, 2, 45, 73, 95, 45, 40, 73, 8, 63, 67, 12, 76, 46, 52, 60, 35, 42, 37, 25, 30, 37, 52, 62, 68, 57, 74, 26, 34, 53, 98, 35, 77, 56, 26, 38, 35, 39, 99, 37, 41, 93, 42, 90, 72, 45, 3, 33, 54, 36, 75, 83, 60, 65, 41, 37, 5, 16, 96, 71, 43, 13, 43, 21, 40, 4, 41, 85, 46, 49, 78, 5, 43, 37, 49, 10, 52, 70, 51, 77, 28, 26, 14, 7, 52, 97, 48, 83, 87, 86, 87, 48, 13, 50, 52, 94, 85, 74, 27, 20, 98, 15, 31, 97, 11, 20, 72, 0, 58, 33, 12, 1, 34, 14, 40, 3, 65, 45, 53, 77, 44, 40, 0, 37, 92, 52, 32, 76, 97, 74, 70, 67, 6, 26, 41, 71, 33, 13, 33, 53, 55, 22, 74, 51, 63, 37, 20, 96, 8, 95, 52, 56, 3, 3, 83, 1, 55, 60, 72, 69, 38, 89, 0, 27, 2, 4, 38, 82, 14, 74, 49, 82, 90, 7, 24, 19, 75, 84, 29, 58, 30, 77, 83, 70, 71, 49, 26, 3, 53, 25, 57, 17, 60, 68, 1, 65, 0, 9, 97, 2, 84, 94, 78, 49, 36, 83, 41, 49, 39, 89, 54, 0, 52, 30, 2, 79, 85, 45, 75, 0, 62, 81, 61, 87, 1, 25, 40, 84, 53, 44, 40, 39, 67, 31, 68, 64, 35, 78, 95, 30, 66, 99, 90, 66, 98, 66, 97, 69, 23, 96, 9, 71, 99, 78, 11, 25, 44, 90, 98, 98, 50, 38, 68, 91, 25, 7, 20, 19, 42, 2, 31, 73, 41, 23, 14, 99, 81, 26, 22, 59, 38, 62, 35, 89, 44, 78, 30, 4, 83]
[47, 51, 99, 37, 43, 87, 23, 85, 55, 50, 69, 59, 0, 50, 68, 0, 28, 57, 43, 4, 52, 89, 0, 40, 76, 31, 1, 0, 75, 20, 89, 59, 85, 90, 38, 0, 20, 0, 0, 0, 56, 0, 0, 67, 20, 6, 94, 53, 0, 0, 0, 12, 71, 37, 30, 0, 12, 37, 0, 87, 4, 39, 47, 97, 23, 12, 94, 11, 0, 0, 29, 0, 0, 81, 89, 53, 94, 37, 0, 0, 0, 19, 0, 0, 0, 13, 0, 28, 57, 57, 42, 50, 23, 0, 16, 0, 0, 22, 71, 0, 97, 11, 0, 81, 11, 67, 40, 21, 87, 91, 30, 47, 2, 26, 56, 4, 81, 65, 85, 70, 61, 59, 42, 77, 64, 36, 10, 97, 45, 20, 13, 25, 51, 4, 36, 12, 39, 67, 24, 42, 33, 78, 49, 41, 36, 63, 41, 28, 59, 44, 47, 84, 7, 33, 98, 81, 17, 10, 42, 10, 78, 69, 5, 97, 51, 47, 45, 39, 11, 84, 45, 47, 75, 60, 3, 76, 94, 28, 30, 57, 62, 57, 34, 1, 19, 71, 23, 31, 52, 9, 35, 89, 19, 33, 49, 13, 44, 9, 50, 24, 12, 13, 66, 11, 6, 81, 56, 24, 3, 7, 26, 40, 59, 16, 63, 51, 99, 30, 37, 40, 53, 68, 71, 59, 99, 61, 18, 2, 30, 12, 9, 53, 78, 98, 62, 14, 45, 74, 76, 21, 31, 68, 47, 11, 32, 30, 60, 7, 99, 53, 5, 54, 0, 95, 51, 60, 5, 33, 45, 91, 89, 75, 85, 10, 58, 59, 53, 21, 48, 42, 12, 13, 11, 2, 96, 96, 51, 26, 57, 10, 13, 17, 70, 57, 94, 63, 54, 88, 88, 26, 92, 12, 23, 84, 90, 74, 1, 31, 76, 64, 98, 17, 41, 74, 74, 76, 18, 39, 34, 10, 90, 42, 9, 23, 54, 42, 14, 21, 53, 84, 97, 57, 52, 50, 92, 85, 10, 87, 64, 43, 22, 57, 68, 28, 63, 53, 90, 34, 38, 97, 57, 18, 80, 69, 98, 26, 66, 12, 84, 23, 67, 29, 92, 1, 29, 56, 43, 81, 32, 3, 91, 65, 73, 65, 53, 49, 71, 2, 79, 12, 99, 21, 48, 76, 80, 90, 23, 98, 84, 30, 52, 35, 42, 62, 66, 2, 14, 85, 1, 61, 60, 60, 75, 78, 51, 24, 76, 66, 71, 1, 6, 89, 2, 13, 49, 28, 59, 14, 49, 41, 6, 84, 8, 71, 85, 76, 44, 47, 86, 56, 12, 6, 47, 99, 60, 12, 88, 89, 84, 22, 29, 76, 49, 46, 54, 49, 77, 74, 76, 79, 28, 12, 99, 97, 69, 51, 35, 10, 1, 36, 68, 98, 44, 92, 76, 39, 4, 84, 33, 62, 80, 60, 91, 56, 37, 86, 24, 20, 77, 18, 37, 34, 10, 61, 78, 30, 75, 76, 8, 37, 22, 23, 90, 89, 23, 14, 13, 77, 60, 77, 31, 21, 99, 17, 63, 57, 98, 85, 18, 88, 47, 31, 2, 81, 59, 35, 60, 13, 0, 45, 63, 42, 68, 40, 76, 10, 31, 79, 61, 32, 18, 23, 24, 52, 79, 99, 68, 67, 36, 71, 2, 28, 11, 38, 53, 40, 84, 12, 49, 5, 78, 39, 20, 90, 4, 94, 10, 73, 57, 2, 49, 65, 22, 41, 85, 96, 29, 13, 29, 50, 50, 14, 28, 75, 22, 89, 27, 25, 24, 4, 3, 18, 16, 22, 10, 11, 47, 2, 47, 53, 11, 30, 88, 88, 2, 5, 35, 52, 89, 63, 3, 16, 53, 29, 65, 16, 35, 85, 39, 92, 43, 80, 30, 65, 70, 62, 85, 86, 41, 50, 45, 60, 58, 41, 18, 83, 97, 77, 89, 24, 22, 31, 45, 26, 71, 57, 42, 98, 55, 29, 45, 69, 99, 17, 33, 88, 44, 23, 52, 13, 67, 4, 59, 78, 54, 0, 64, 28, 71, 37, 64, 64, 18, 61, 99, 46, 56, 85, 29, 57, 5, 10, 24, 49, 43, 12, 36, 49, 46, 77, 5, 77, 42, 32, 75, 41, 96, 46, 34, 84, 45, 79, 79, 78, 96, 86, 21, 71, 29, 62, 37, 33, 28, 3, 89, 47, 43, 53, 89, 65, 10, 63, 10, 57, 25, 22, 85, 36, 78, 12, 36, 9, 41, 2, 81, 69, 88, 38, 36, 76, 35, 33, 24, 69, 57, 85, 67, 71, 47, 88, 96, 30, 85, 34, 62, 67, 43, 35, 52, 85, 52, 12, 51, 36, 64, 36, 70, 57, 7, 46, 17, 97, 92, 50, 49, 25, 88, 91, 77, 59, 47, 5, 12, 57, 24, 46, 37, 29, 88, 2, 10, 53, 71, 44, 99, 61, 94, 90, 21, 90, 42, 81, 50, 92, 89, 20, 12, 44, 69, 87, 58, 42, 76, 51, 61, 0, 20, 37, 3, 45, 94, 26, 23, 91, 48, 31, 1, 80, 27, 41, 41, 56, 97, 69, 1, 20, 65, 87, 39, 38, 30, 24, 21, 26, 29, 79, 57, 41, 56, 26, 22, 24, 90, 63, 67, 19, 34, 5, 73, 4, 20, 40, 13, 11, 73, 45, 18, 87, 58, 87, 94, 88, 27, 3, 51, 1, 91, 84, 65, 8, 75, 83, 0, 44, 43, 50, 61, 19, 75, 85, 6, 60, 40, 47, 5, 38, 70, 94, 10, 43, 77, 20, 70, 28, 55, 96, 4, 30, 89, 78, 51, 58, 73, 52, 0, 81, 87, 19, 41, 39, 90, 73, 37, 49, 10, 3, 65, 55, 10, 87, 76, 40, 3, 13, 28, 78, 97, 42, 79, 68, 66, 41, 41, 84, 23, 51, 26, 98, 58, 58, 1, 40, 69, 54, 55, 1, 73, 70, 76, 12, 30, 71, 20, 14, 61, 67, 42, 4, 42, 88, 92, 78, 76, 49, 1, 84, 73, 76, 44, 75, 85, 18, 71, 19, 61, 20, 40, 90, 75, 3, 73, 84, 64, 13, 13, 88, 55, 40, 43, 88, 85, 1, 19, 41, 14, 14, 75, 12, 58, 22, 2, 85, 76, 13, 92, 54, 64, 39, 47, 4]
